0 0.499219 0.497656 0.992969 0.991406
0 0.298438 0.367188 0.373437 0.298438
0 0.551562 0.305469 0.217969 0.283594
0 0.299219 0.625781 0.214844 0.237500
0 0.783594 0.343750 0.235156 0.286719
0 0.097656 0.350781 0.195312 0.260937
0 0.282031 0.135156 0.223438 0.210938
0 0.099219 0.634375 0.197656 0.247656
0 0.575000 0.075000 0.229687 0.144531
0 0.800000 0.117969 0.207813 0.234375
0 0.326562 0.833594 0.182031 0.203906
0 0.162500 0.880469 0.175781 0.228906
0 0.439844 0.270313 0.125000 0.222656
0 0.442969 0.676562 0.121875 0.185156
0 0.650781 0.214844 0.157031 0.168750
0 0.101562 0.159375 0.179688 0.116406
0 0.424219 0.079687 0.152344 0.156250
0 0.239844 0.483594 0.162500 0.122656
0 0.928906 0.326562 0.125781 0.260156
0 0.673438 0.582031 0.272656 0.335938
0 0.504687 0.855469 0.252344 0.288281
0 0.823438 0.760156 0.292969 0.303125
0 0.700781 0.874219 0.236719 0.221875
0 0.874219 0.552344 0.241406 0.257031
