0 0.499219 0.497656 0.992969 0.991406
0 0.624219 0.791406 0.349219 0.280469
0 0.392969 0.663281 0.281250 0.225781
0 0.193750 0.792188 0.254688 0.219531
0 0.135156 0.463281 0.259375 0.218750
0 0.400000 0.865625 0.235937 0.201563
0 0.403906 0.283594 0.239063 0.208594
0 0.337500 0.533594 0.229687 0.182812
0 0.664062 0.314844 0.264062 0.221875
0 0.884375 0.335938 0.198437 0.210156
0 0.423438 0.091406 0.250781 0.177344
0 0.700781 0.107031 0.275000 0.213281
0 0.192969 0.289844 0.211719 0.180469
0 0.108594 0.644531 0.201563 0.179688
0 0.529687 0.463281 0.201563 0.167187
0 0.163281 0.121094 0.251563 0.157812
0 0.336719 0.410156 0.182812 0.110937
0 0.207031 0.935937 0.207813 0.121875
0 0.682031 0.574219 0.321094 0.229687
0 0.846875 0.843750 0.305469 0.235937
0 0.895312 0.639844 0.209375 0.223438
