0 0.499219 0.498437 0.993750 0.995313
0 0.703125 0.571875 0.285156 0.215625
0 0.883594 0.334375 0.221875 0.186719
0 0.319531 0.685937 0.264062 0.211719
0 0.534375 0.076563 0.221094 0.153125
0 0.537500 0.227344 0.253125 0.192188
0 0.439063 0.451562 0.283594 0.203906
0 0.839063 0.185938 0.225781 0.170313
0 0.197656 0.314063 0.264062 0.204687
0 0.657031 0.389844 0.238281 0.170313
0 0.139844 0.517969 0.271094 0.225781
0 0.707812 0.084375 0.200000 0.142187
0 0.309375 0.482031 0.184375 0.170313
0 0.252344 0.114062 0.245312 0.211719
0 0.371094 0.288281 0.199219 0.166406
0 0.106250 0.682813 0.198437 0.147656
0 0.108594 0.848437 0.213281 0.219531
0 0.502344 0.842187 0.332813 0.264062
0 0.869531 0.518750 0.260156 0.236719
0 0.785156 0.911719 0.341406 0.175781
0 0.108594 0.160156 0.176563 0.202344
0 0.881250 0.678125 0.236719 0.190625
