0 0.499219 0.497656 0.992969 0.989844
0 0.556250 0.879687 0.350781 0.233594
0 0.121094 0.300000 0.236719 0.340625
0 0.106250 0.611719 0.212500 0.322656
0 0.759375 0.216406 0.242188 0.310937
0 0.290625 0.828906 0.295312 0.326562
0 0.326562 0.319531 0.234375 0.278906
0 0.349219 0.114844 0.229687 0.208594
0 0.325000 0.589063 0.228906 0.258594
0 0.498437 0.267188 0.175781 0.225781
0 0.646875 0.078125 0.200000 0.149219
0 0.608594 0.382812 0.207813 0.230469
0 0.832812 0.095312 0.173437 0.190625
0 0.207813 0.450781 0.183594 0.204687
0 0.528906 0.099219 0.160938 0.198437
0 0.924219 0.291406 0.117969 0.222656
0 0.227344 0.204687 0.121094 0.173437
0 0.082812 0.144531 0.160156 0.121094
0 0.445312 0.485938 0.125781 0.216406
0 0.141406 0.875781 0.165625 0.233594
0 0.590625 0.575000 0.328906 0.340625
0 0.747656 0.679688 0.275000 0.300000
0 0.879687 0.473438 0.240625 0.342187
0 0.896875 0.713281 0.205469 0.261719
0 0.767969 0.884375 0.253125 0.192188
