0 0.696875 0.481250 0.342187 0.323437
0 0.432812 0.313281 0.260937 0.242188
0 0.254688 0.507031 0.269531 0.211719
0 0.643750 0.208594 0.267969 0.251563
0 0.400781 0.721094 0.239844 0.208594
0 0.727344 0.810937 0.266406 0.246094
0 0.109375 0.621875 0.209375 0.210938
0 0.117969 0.306250 0.225781 0.208594
0 0.639062 0.599219 0.230469 0.183594
0 0.457031 0.511719 0.185156 0.171094
0 0.292187 0.087500 0.236719 0.172656
0 0.548438 0.863281 0.213281 0.203125
0 0.900781 0.532813 0.184375 0.218750
0 0.862500 0.722656 0.219531 0.199219
0 0.239844 0.840625 0.250781 0.216406
0 0.828906 0.327344 0.250781 0.207813
0 0.325000 0.331250 0.175781 0.194531
0 0.556250 0.680469 0.169531 0.169531
0 0.535937 0.063281 0.258594 0.121094
0 0.448437 0.173437 0.157031 0.147656
0 0.785937 0.116406 0.246875 0.190625
0 0.194531 0.185938 0.178125 0.171094
0 0.923438 0.248438 0.153125 0.143750
0 0.100781 0.750000 0.195312 0.126562
