0 0.499219 0.497656 0.992969 0.992969
0 0.478125 0.585938 0.324219 0.281250
0 0.618750 0.283594 0.259375 0.249219
0 0.400000 0.798438 0.245312 0.216406
0 0.841406 0.232813 0.210156 0.239844
0 0.282813 0.598437 0.196875 0.218750
0 0.142187 0.409375 0.277344 0.309375
0 0.721094 0.425000 0.207813 0.174219
0 0.366406 0.363281 0.228125 0.242188
0 0.116406 0.696875 0.231250 0.257031
0 0.576562 0.091406 0.274219 0.178125
0 0.268750 0.141406 0.304688 0.260937
0 0.901563 0.406250 0.186719 0.179688
0 0.192188 0.860938 0.153906 0.214062
0 0.474219 0.203906 0.192188 0.176563
0 0.430469 0.935156 0.221875 0.121094
0 0.505469 0.430469 0.202344 0.098437
0 0.846094 0.667969 0.282813 0.252344
0 0.639844 0.871875 0.317969 0.245312
