0 0.567969 0.577344 0.343750 0.326562
0 0.499219 0.499219 0.995313 0.996094
0 0.457031 0.257031 0.314844 0.307031
0 0.308594 0.504687 0.229687 0.257031
0 0.564063 0.132031 0.306250 0.264062
0 0.135156 0.384375 0.230469 0.225781
0 0.097656 0.568750 0.191406 0.267188
0 0.863281 0.281250 0.262500 0.324219
0 0.717187 0.415625 0.256250 0.273438
0 0.339844 0.057031 0.199219 0.110937
0 0.221875 0.189062 0.228906 0.286719
0 0.245312 0.830469 0.231250 0.208594
0 0.260156 0.633594 0.196875 0.228906
0 0.722656 0.065625 0.193750 0.131250
0 0.069531 0.746094 0.135156 0.141406
0 0.399219 0.374219 0.153906 0.139844
0 0.439844 0.769531 0.289062 0.278125
0 0.726562 0.879687 0.342187 0.240625
0 0.746875 0.665625 0.264844 0.271875
