0 0.321094 0.429688 0.233594 0.210938
0 0.514062 0.422656 0.191406 0.166406
0 0.721875 0.547656 0.209375 0.190625
0 0.681250 0.700000 0.189844 0.177344
0 0.342969 0.198437 0.206250 0.195312
0 0.094531 0.563281 0.182031 0.183594
0 0.424219 0.687500 0.202344 0.187500
0 0.265625 0.548438 0.167187 0.157812
0 0.825781 0.308594 0.222656 0.195312
0 0.907031 0.528125 0.178906 0.185156
0 0.454688 0.146094 0.185938 0.183594
0 0.647656 0.193750 0.201563 0.191406
0 0.438281 0.550000 0.175781 0.150000
0 0.558594 0.308594 0.181250 0.156250
0 0.201563 0.188281 0.160938 0.182812
0 0.747656 0.417969 0.193750 0.158594
0 0.174219 0.341406 0.177344 0.147656
0 0.385937 0.332813 0.177344 0.125000
0 0.589063 0.546875 0.131250 0.150781
0 0.226562 0.052344 0.127344 0.103125
0 0.803906 0.873437 0.151562 0.171875
0 0.096094 0.253125 0.142187 0.167969
0 0.551562 0.703125 0.120313 0.158594
0 0.074219 0.764844 0.148438 0.141406
0 0.660156 0.064844 0.198437 0.127344
0 0.321094 0.854688 0.194531 0.194531
0 0.571875 0.925000 0.185938 0.140625
0 0.054688 0.436719 0.107031 0.113281
0 0.791406 0.719531 0.117969 0.135937
0 0.128906 0.392969 0.162500 0.120313
0 0.341406 0.039062 0.120313 0.077344
0 0.925781 0.355469 0.148438 0.162500
0 0.217188 0.775781 0.155469 0.150781
0 0.451562 0.860938 0.126562 0.171094
0 0.689844 0.882031 0.145313 0.131250
0 0.821875 0.172656 0.196094 0.143750
0 0.880469 0.664844 0.132031 0.113281
0 0.331250 0.693750 0.129688 0.154688
0 0.497656 0.065625 0.157031 0.130469
