0 0.518750 0.493750 0.331250 0.353906
0 0.344531 0.776563 0.371875 0.417969
0 0.502344 0.503125 0.995313 0.993750
0 0.627344 0.190625 0.333594 0.381250
0 0.189062 0.162500 0.243750 0.235156
0 0.146875 0.431250 0.290625 0.339844
0 0.358594 0.350000 0.231250 0.268750
0 0.413281 0.131250 0.246094 0.257031
0 0.118750 0.778125 0.221094 0.328125
0 0.317188 0.554688 0.196875 0.146875
0 0.796875 0.114062 0.245312 0.226562
0 0.932813 0.371875 0.121094 0.304688
0 0.827344 0.692969 0.344531 0.384375
0 0.711719 0.803906 0.446875 0.391406
