0 0.404687 0.525781 0.372656 0.300000
0 0.577344 0.339062 0.284375 0.230469
0 0.732031 0.565625 0.349219 0.280469
0 0.497656 0.497656 0.995313 0.995313
0 0.650781 0.100781 0.308594 0.200781
0 0.770312 0.230469 0.251563 0.210156
0 0.229687 0.637500 0.239063 0.231250
0 0.278125 0.338281 0.288281 0.234375
0 0.321094 0.125000 0.242969 0.203125
0 0.077344 0.174219 0.153125 0.125781
0 0.079687 0.528906 0.158594 0.235156
0 0.079687 0.324219 0.156250 0.200781
0 0.500000 0.216406 0.259375 0.189062
0 0.182812 0.473438 0.157812 0.150000
0 0.871875 0.400781 0.237500 0.233594
0 0.289844 0.819531 0.219531 0.193750
0 0.182812 0.237500 0.148438 0.107031
0 0.475000 0.045312 0.146094 0.090625
0 0.518750 0.900000 0.400781 0.199219
0 0.812500 0.701562 0.337500 0.288281
