0 0.520312 0.492969 0.338281 0.347656
0 0.368750 0.787500 0.376563 0.410938
0 0.499219 0.498437 0.993750 0.995313
0 0.603125 0.185156 0.335938 0.369531
0 0.162500 0.185156 0.241406 0.239844
0 0.145313 0.459375 0.289062 0.335938
0 0.343750 0.361719 0.227344 0.265625
0 0.375781 0.131250 0.239063 0.259375
0 0.139063 0.803906 0.243750 0.320312
0 0.328125 0.570312 0.194531 0.152344
0 0.921875 0.333594 0.138281 0.287500
0 0.801562 0.468750 0.335938 0.261719
0 0.702344 0.785937 0.364844 0.339844
0 0.856250 0.655469 0.287500 0.371875
