0 0.548438 0.351562 0.389062 0.308594
0 0.499219 0.498437 0.995313 0.996875
0 0.292969 0.433594 0.303906 0.241406
0 0.317969 0.127344 0.347656 0.253906
0 0.758594 0.435156 0.255469 0.222656
0 0.106250 0.606250 0.206250 0.266406
0 0.098437 0.421094 0.191406 0.208594
0 0.623437 0.180469 0.267969 0.223438
0 0.282813 0.631250 0.224219 0.196875
0 0.348438 0.837500 0.275000 0.214844
0 0.819531 0.294531 0.189844 0.193750
0 0.871875 0.144531 0.251563 0.111719
0 0.135937 0.164844 0.163281 0.225781
0 0.107031 0.810937 0.201563 0.195312
0 0.290625 0.271094 0.171875 0.118750
0 0.693750 0.053906 0.285156 0.106250
0 0.946094 0.332031 0.105469 0.217969
0 0.523438 0.651563 0.368750 0.259375
0 0.751563 0.838281 0.349219 0.294531
0 0.846875 0.650000 0.305469 0.310156
