0 0.499219 0.497656 0.995313 0.995313
0 0.876563 0.721094 0.246875 0.257812
0 0.237500 0.475000 0.239844 0.247656
0 0.846875 0.266406 0.190625 0.203906
0 0.221875 0.725000 0.247656 0.279687
0 0.291406 0.932813 0.231250 0.125781
0 0.117969 0.307031 0.164844 0.219531
0 0.935937 0.391406 0.127344 0.194531
0 0.739844 0.362500 0.211719 0.235156
0 0.387500 0.340625 0.149219 0.210156
0 0.251563 0.216406 0.250781 0.281250
0 0.446875 0.809375 0.214844 0.266406
0 0.584375 0.262500 0.168750 0.214062
0 0.103125 0.537500 0.169531 0.203125
0 0.503906 0.417187 0.237500 0.262500
0 0.433594 0.573438 0.178125 0.221094
0 0.458594 0.147656 0.212500 0.256250
0 0.578906 0.713281 0.298438 0.289062
0 0.689063 0.559375 0.271094 0.231250
