0 0.499219 0.498437 0.989062 0.989062
0 0.620313 0.662500 0.243750 0.371875
0 0.261719 0.514062 0.207031 0.252344
0 0.632812 0.350781 0.214062 0.284375
0 0.380469 0.284375 0.204687 0.278906
0 0.464844 0.664844 0.157031 0.239063
0 0.332031 0.839063 0.218750 0.283594
0 0.201563 0.714844 0.186719 0.223438
0 0.192969 0.169531 0.210156 0.296094
0 0.794531 0.128125 0.222656 0.214844
0 0.490625 0.098437 0.203906 0.192188
0 0.089844 0.424219 0.178906 0.262500
0 0.468750 0.459375 0.156250 0.195312
0 0.920312 0.284375 0.152344 0.290625
0 0.097656 0.878125 0.195312 0.182812
0 0.361719 0.624219 0.137500 0.176563
0 0.568750 0.274219 0.150000 0.220312
0 0.053906 0.678906 0.105469 0.259375
0 0.110937 0.230469 0.177344 0.224219
0 0.641406 0.093750 0.139844 0.167969
0 0.780469 0.316406 0.117969 0.164062
0 0.281250 0.362500 0.157031 0.132812
0 0.078125 0.086719 0.100000 0.173437
0 0.826562 0.725000 0.255469 0.310937
0 0.667969 0.857812 0.261719 0.283594
0 0.846875 0.903125 0.217969 0.193750
