0 0.441406 0.516406 0.376563 0.432031
0 0.754687 0.607031 0.306250 0.406250
0 0.572656 0.271094 0.241406 0.325781
0 0.164062 0.510156 0.302344 0.378906
0 0.525000 0.838281 0.292969 0.315625
0 0.323437 0.201563 0.276562 0.378125
0 0.836719 0.283594 0.285938 0.367188
0 0.194531 0.846094 0.268750 0.296875
0 0.089063 0.104688 0.178125 0.196094
0 0.701562 0.095312 0.240625 0.188281
0 0.353125 0.713281 0.178906 0.221875
0 0.899219 0.102344 0.189062 0.203125
0 0.507031 0.098437 0.164062 0.196875
0 0.140625 0.300000 0.154688 0.150781
0 0.726562 0.892188 0.167187 0.207031
0 0.938281 0.428906 0.120313 0.341406
