0 0.399219 0.496094 0.385156 0.278125
0 0.617969 0.367188 0.289062 0.224219
0 0.763281 0.125000 0.320312 0.250000
0 0.499219 0.498437 0.993750 0.995313
0 0.331250 0.281250 0.303906 0.217969
0 0.707031 0.627344 0.357812 0.266406
0 0.428125 0.100000 0.251563 0.193750
0 0.112500 0.208594 0.221094 0.211719
0 0.196094 0.558594 0.228125 0.221094
0 0.086719 0.395313 0.171875 0.235156
0 0.581250 0.218750 0.262500 0.167969
0 0.838281 0.313281 0.257031 0.198437
0 0.427344 0.715625 0.300781 0.188281
0 0.150781 0.084375 0.225781 0.104688
0 0.385156 0.893750 0.371875 0.199219
0 0.207813 0.749219 0.204687 0.177344
0 0.641406 0.053125 0.202344 0.103906
0 0.208594 0.382031 0.146094 0.153906
0 0.166406 0.914844 0.221875 0.169531
0 0.266406 0.160938 0.145313 0.096094
0 0.742188 0.799219 0.392969 0.256250
