0 0.714844 0.464062 0.310937 0.237500
0 0.529687 0.654687 0.396094 0.296875
0 0.498437 0.498437 0.995313 0.992969
0 0.766406 0.077344 0.335156 0.154688
0 0.833594 0.192188 0.276562 0.280469
0 0.477344 0.132031 0.281250 0.232031
0 0.829688 0.770312 0.335938 0.285938
0 0.409375 0.387500 0.320312 0.239063
0 0.138281 0.294531 0.271875 0.228906
0 0.128906 0.532031 0.246094 0.251563
0 0.632812 0.285156 0.251563 0.203125
0 0.146875 0.110156 0.260937 0.144531
0 0.308594 0.236719 0.221875 0.178125
0 0.284375 0.673438 0.222656 0.234375
0 0.883594 0.383594 0.209375 0.182812
0 0.140625 0.885156 0.196094 0.221094
0 0.282813 0.458594 0.218750 0.180469
0 0.310156 0.851562 0.204687 0.156250
0 0.453906 0.035156 0.228125 0.067187
0 0.114844 0.711719 0.182812 0.162500
0 0.314063 0.088281 0.114844 0.128125
