0 0.499219 0.496875 0.989844 0.989844
0 0.728906 0.810937 0.378906 0.264062
0 0.434375 0.559375 0.324219 0.250781
0 0.278125 0.706250 0.264844 0.225000
0 0.207031 0.898438 0.233594 0.192188
0 0.897656 0.425781 0.195312 0.214844
0 0.705469 0.361719 0.287500 0.225781
0 0.785937 0.121875 0.311719 0.242188
0 0.283594 0.489844 0.228906 0.200000
0 0.190625 0.236719 0.357812 0.294531
0 0.100781 0.478125 0.196094 0.263281
0 0.436719 0.314844 0.265625 0.218750
0 0.462500 0.101562 0.316406 0.199219
0 0.082812 0.684375 0.139844 0.192969
0 0.844531 0.285156 0.165625 0.120313
0 0.435937 0.746875 0.206250 0.125781
0 0.610156 0.218750 0.202344 0.173437
0 0.739844 0.542188 0.250781 0.192969
0 0.617188 0.623437 0.250000 0.237500
0 0.906250 0.725781 0.187500 0.250000
