0 0.498437 0.497656 0.996875 0.995313
0 0.712500 0.477344 0.278125 0.224219
0 0.417187 0.746094 0.265625 0.231250
0 0.422656 0.478125 0.280469 0.224219
0 0.591406 0.336719 0.234375 0.192188
0 0.417187 0.239844 0.242969 0.201563
0 0.173437 0.682031 0.285938 0.237500
0 0.150000 0.464844 0.264062 0.203906
0 0.117969 0.257031 0.232813 0.199219
0 0.856250 0.340625 0.234375 0.200781
0 0.795312 0.176563 0.238281 0.203906
0 0.672656 0.084375 0.214062 0.168750
0 0.351562 0.110937 0.215625 0.179688
0 0.268750 0.936719 0.256250 0.119531
0 0.285156 0.366406 0.220312 0.169531
0 0.226562 0.832812 0.214062 0.150781
0 0.567187 0.165625 0.166406 0.134375
0 0.501563 0.057031 0.202344 0.114062
0 0.245312 0.219531 0.137500 0.152344
0 0.445312 0.901563 0.201563 0.164062
0 0.318750 0.569531 0.212500 0.153125
0 0.092188 0.140625 0.180469 0.105469
0 0.062500 0.559375 0.123438 0.166406
