0 0.499219 0.497656 0.991406 0.992188
0 0.774219 0.861719 0.241406 0.200781
0 0.371875 0.871875 0.150781 0.144531
0 0.150000 0.758594 0.225781 0.185156
0 0.243750 0.932031 0.175781 0.125781
0 0.217969 0.311719 0.230469 0.171094
0 0.721094 0.437500 0.225781 0.176563
0 0.481250 0.161719 0.207813 0.185156
0 0.314063 0.661719 0.184375 0.138281
0 0.885156 0.328125 0.214844 0.171875
0 0.103125 0.361719 0.191406 0.158594
0 0.070312 0.692969 0.135937 0.160156
0 0.471875 0.424219 0.203906 0.155469
0 0.305469 0.525000 0.206250 0.153125
0 0.292969 0.208594 0.213281 0.163281
0 0.693750 0.178906 0.225000 0.190625
0 0.832812 0.174219 0.147656 0.163281
0 0.631250 0.071875 0.207813 0.132031
0 0.677344 0.318750 0.196094 0.125000
0 0.102344 0.135937 0.178906 0.147656
0 0.460938 0.302344 0.188281 0.121094
0 0.914062 0.470313 0.125781 0.107031
0 0.127344 0.507031 0.178125 0.141406
0 0.146094 0.054688 0.227344 0.106250
0 0.296094 0.096094 0.177344 0.112500
0 0.052344 0.478125 0.100781 0.182031
0 0.525000 0.709375 0.292969 0.190625
0 0.751563 0.582031 0.242969 0.203125
0 0.483594 0.576562 0.244531 0.183594
0 0.920312 0.665625 0.159375 0.212500
0 0.906250 0.835156 0.187500 0.234375
0 0.510156 0.896875 0.226562 0.205469
