0 0.271875 0.364063 0.201563 0.258594
0 0.381250 0.281250 0.204687 0.306250
0 0.489063 0.136719 0.178906 0.247656
0 0.489063 0.314844 0.178906 0.247656
0 0.606250 0.288281 0.199219 0.306250
0 0.663281 0.325781 0.164062 0.264844
0 0.756250 0.489063 0.236719 0.356250
0 0.573438 0.508594 0.190625 0.300000
0 0.381250 0.503906 0.182812 0.312500
0 0.200000 0.537500 0.190625 0.241406
0 0.107031 0.706250 0.175781 0.300000
0 0.210156 0.792188 0.221875 0.323437
0 0.382031 0.765625 0.178906 0.367188
0 0.570312 0.778906 0.178906 0.284375
0 0.571875 0.534375 0.243750 0.278125
0 0.746875 0.510938 0.239844 0.308594
0 0.773438 0.781250 0.189844 0.328125
0 0.887500 0.717969 0.177344 0.384375
