0 0.499219 0.497656 0.995313 0.995313
0 0.506250 0.422656 0.317969 0.299219
0 0.742188 0.367969 0.210938 0.235937
0 0.215625 0.718750 0.247656 0.279687
0 0.238281 0.467187 0.238281 0.249219
0 0.659375 0.096875 0.201563 0.192969
0 0.466406 0.146094 0.211719 0.257031
0 0.257031 0.213281 0.248438 0.281250
0 0.439063 0.807031 0.214844 0.267188
0 0.851562 0.274219 0.189844 0.203906
0 0.429688 0.571875 0.175000 0.220312
0 0.587500 0.264062 0.173437 0.217969
0 0.125781 0.298438 0.172656 0.221094
0 0.103906 0.526563 0.171094 0.201563
0 0.721875 0.189062 0.160938 0.135937
0 0.049219 0.375781 0.096094 0.237500
0 0.349219 0.066406 0.167187 0.131250
0 0.560156 0.708594 0.327344 0.267969
0 0.680469 0.564844 0.250000 0.253906
0 0.871875 0.726562 0.256250 0.272656
0 0.723437 0.807813 0.355469 0.266406
