0 0.607812 0.281250 0.270313 0.357031
0 0.357031 0.395313 0.226562 0.289062
0 0.114062 0.275781 0.228125 0.317969
0 0.787500 0.224219 0.235156 0.341406
0 0.499219 0.499219 0.993750 0.993750
0 0.508594 0.598437 0.283594 0.383594
0 0.281250 0.182812 0.204687 0.263281
0 0.294531 0.693750 0.217969 0.296875
0 0.100781 0.617969 0.196094 0.248438
0 0.473438 0.125781 0.226562 0.246094
0 0.678906 0.064062 0.207813 0.125781
0 0.214844 0.458594 0.177344 0.258594
0 0.441406 0.916406 0.230469 0.156250
0 0.249219 0.903906 0.204687 0.186719
0 0.111719 0.887500 0.116406 0.216406
0 0.412500 0.803906 0.160156 0.150000
0 0.836719 0.053906 0.136719 0.107031
0 0.903125 0.577344 0.193750 0.401562
0 0.728125 0.558594 0.207813 0.344531
