0 0.637500 0.418750 0.323437 0.381250
0 0.499219 0.499219 0.996094 0.996094
0 0.385156 0.310937 0.239063 0.295312
0 0.633594 0.129688 0.292187 0.259375
0 0.117969 0.274219 0.235156 0.292187
0 0.245312 0.170313 0.201563 0.234375
0 0.810156 0.347656 0.203906 0.300781
0 0.160938 0.652344 0.241406 0.265625
0 0.423438 0.626563 0.259375 0.300000
0 0.251563 0.453125 0.225000 0.248438
0 0.440625 0.885938 0.238281 0.215625
0 0.323437 0.780469 0.185156 0.234375
0 0.501563 0.186719 0.139844 0.176563
0 0.241406 0.921875 0.201563 0.147656
0 0.071094 0.717969 0.133594 0.211719
0 0.416406 0.056250 0.181250 0.108594
0 0.932813 0.283594 0.119531 0.246875
0 0.650781 0.841406 0.328125 0.306250
0 0.744531 0.642188 0.284375 0.247656
0 0.835156 0.783594 0.210156 0.256250
