0 0.499219 0.498437 0.992188 0.991406
0 0.488281 0.457813 0.454688 0.323437
0 0.171875 0.618750 0.327344 0.301563
0 0.748437 0.250781 0.356250 0.281250
0 0.403125 0.183594 0.360938 0.315625
0 0.120313 0.306250 0.229687 0.283594
0 0.256250 0.410156 0.201563 0.181250
0 0.786719 0.046094 0.213281 0.089844
0 0.228125 0.115625 0.309375 0.189844
0 0.164062 0.812500 0.210156 0.175000
0 0.598437 0.112500 0.169531 0.155469
0 0.358594 0.918750 0.317969 0.156250
0 0.468750 0.775000 0.466406 0.332813
0 0.799219 0.774219 0.373437 0.303906
0 0.750000 0.522656 0.357812 0.275781
