0 0.49921875 0.49765625 0.9953125 0.9953125
0 0.50625 0.42265625 0.31796875 0.29921875
0 0.7421875 0.36796875 0.2109375 0.2359375
0 0.215625 0.71875 0.24765625 0.2796875
0 0.23828125 0.4671875 0.23828125 0.24921875
0 0.659375 0.096875 0.2015625 0.19296875
0 0.46640625 0.14609375 0.21171875 0.25703125
0 0.25703125 0.21328125 0.2484375 0.28125
0 0.4390625 0.80703125 0.21484375 0.2671875
0 0.8515625 0.27421875 0.18984375 0.20390625
0 0.4296875 0.571875 0.175 0.2203125
0 0.5875 0.2640625 0.1734375 0.21796875
0 0.12578125 0.2984375 0.17265625 0.22109375
0 0.10390625 0.5265625 0.17109375 0.2015625
0 0.721875 0.1890625 0.1609375 0.1359375
0 0.04921875 0.37578125 0.09609375 0.2375
0 0.34921875 0.06640625 0.1671875 0.13125
0 0.56015625 0.70859375 0.32734375 0.26796875
0 0.68046875 0.56484375 0.25 0.25390625
0 0.871875 0.7265625 0.25625 0.27265625
0 0.7234375 0.8078125 0.35546875 0.26640625