0 0.5203125 0.49296875 0.33828125 0.34765625
0 0.36875 0.7875 0.3765625 0.4109375
0 0.49921875 0.4984375 0.99375 0.9953125
0 0.603125 0.18515625 0.3359375 0.36953125
0 0.1625 0.18515625 0.24140625 0.23984375
0 0.1453125 0.459375 0.2890625 0.3359375
0 0.34375 0.36171875 0.22734375 0.265625
0 0.37578125 0.13125 0.2390625 0.259375
0 0.1390625 0.80390625 0.24375 0.3203125
0 0.328125 0.5703125 0.19453125 0.15234375
0 0.921875 0.33359375 0.13828125 0.2875
0 0.8015625 0.46875 0.3359375 0.26171875
0 0.70234375 0.7859375 0.36484375 0.33984375
0 0.85625 0.65546875 0.2875 0.371875