0 0.5140625 0.51328125 0.28828125 0.3890625
0 0.49921875 0.49765625 0.99296875 0.9921875
0 0.196875 0.60859375 0.35859375 0.43046875
0 0.79765625 0.3453125 0.3125 0.38515625
0 0.26875 0.2078125 0.28046875 0.36484375
0 0.43203125 0.83046875 0.26015625 0.32109375
0 0.49765625 0.275 0.23125 0.221875
0 0.71953125 0.15703125 0.25 0.2796875
0 0.0890625 0.46171875 0.16953125 0.33671875
0 0.1203125 0.12578125 0.18828125 0.24453125
0 0.15234375 0.878125 0.2953125 0.19140625
0 0.50078125 0.0859375 0.25546875 0.1640625
0 0.1375 0.33203125 0.16640625 0.15703125
0 0.6578125 0.82734375 0.35390625 0.34453125
0 0.74140625 0.67734375 0.30078125 0.353125