0 0.49921875 0.49765625 0.99296875 0.99296875
0 0.478125 0.5859375 0.32421875 0.28125
0 0.61875 0.28359375 0.259375 0.24921875
0 0.4 0.7984375 0.2453125 0.21640625
0 0.84140625 0.2328125 0.21015625 0.23984375
0 0.2828125 0.5984375 0.196875 0.21875
0 0.1421875 0.409375 0.27734375 0.309375
0 0.72109375 0.425 0.2078125 0.17421875
0 0.36640625 0.36328125 0.228125 0.2421875
0 0.11640625 0.696875 0.23125 0.25703125
0 0.5765625 0.09140625 0.27421875 0.178125
0 0.26875 0.14140625 0.3046875 0.2609375
0 0.9015625 0.40625 0.18671875 0.1796875
0 0.1921875 0.8609375 0.15390625 0.2140625
0 0.47421875 0.20390625 0.1921875 0.1765625
0 0.43046875 0.93515625 0.221875 0.12109375
0 0.50546875 0.43046875 0.20234375 0.0984375
0 0.84609375 0.66796875 0.2828125 0.25234375
0 0.63984375 0.871875 0.31796875 0.2453125