0 0.6078125 0.28125 0.2703125 0.35703125
0 0.35703125 0.3953125 0.2265625 0.2890625
0 0.1140625 0.27578125 0.228125 0.31796875
0 0.7875 0.22421875 0.23515625 0.34140625
0 0.49921875 0.49921875 0.99375 0.99375
0 0.50859375 0.5984375 0.28359375 0.38359375
0 0.28125 0.1828125 0.2046875 0.26328125
0 0.29453125 0.69375 0.21796875 0.296875
0 0.10078125 0.61796875 0.19609375 0.2484375
0 0.4734375 0.12578125 0.2265625 0.24609375
0 0.67890625 0.0640625 0.2078125 0.12578125
0 0.21484375 0.45859375 0.17734375 0.25859375
0 0.44140625 0.91640625 0.23046875 0.15625
0 0.24921875 0.90390625 0.2046875 0.18671875
0 0.11171875 0.8875 0.11640625 0.21640625
0 0.4125 0.80390625 0.16015625 0.15
0 0.83671875 0.05390625 0.13671875 0.10703125
0 0.903125 0.57734375 0.19375 0.4015625
0 0.728125 0.55859375 0.2078125 0.34453125