0 0.56796875 0.57734375 0.34375 0.3265625
0 0.49921875 0.49921875 0.9953125 0.99609375
0 0.45703125 0.25703125 0.31484375 0.30703125
0 0.30859375 0.5046875 0.2296875 0.25703125
0 0.5640625 0.13203125 0.30625 0.2640625
0 0.13515625 0.384375 0.23046875 0.22578125
0 0.09765625 0.56875 0.19140625 0.2671875
0 0.86328125 0.28125 0.2625 0.32421875
0 0.7171875 0.415625 0.25625 0.2734375
0 0.33984375 0.05703125 0.19921875 0.1109375
0 0.221875 0.1890625 0.22890625 0.28671875
0 0.2453125 0.83046875 0.23125 0.20859375
0 0.26015625 0.63359375 0.196875 0.22890625
0 0.72265625 0.065625 0.19375 0.13125
0 0.06953125 0.74609375 0.13515625 0.14140625
0 0.39921875 0.37421875 0.15390625 0.13984375
0 0.43984375 0.76953125 0.2890625 0.278125
0 0.7265625 0.8796875 0.3421875 0.240625
0 0.746875 0.665625 0.26484375 0.271875