0 0.49921875 0.4984375 0.9921875 0.99140625
0 0.48828125 0.4578125 0.4546875 0.3234375
0 0.171875 0.61875 0.32734375 0.3015625
0 0.7484375 0.25078125 0.35625 0.28125
0 0.403125 0.18359375 0.3609375 0.315625
0 0.1203125 0.30625 0.2296875 0.28359375
0 0.25625 0.41015625 0.2015625 0.18125
0 0.78671875 0.04609375 0.21328125 0.08984375
0 0.228125 0.115625 0.309375 0.18984375
0 0.1640625 0.8125 0.21015625 0.175
0 0.5984375 0.1125 0.16953125 0.15546875
0 0.35859375 0.91875 0.31796875 0.15625
0 0.46875 0.775 0.46640625 0.3328125
0 0.79921875 0.77421875 0.3734375 0.30390625
0 0.75 0.52265625 0.3578125 0.27578125