0 0.49921875 0.4984375 0.9890625 0.9890625
0 0.6203125 0.6625 0.24375 0.371875
0 0.26171875 0.5140625 0.20703125 0.25234375
0 0.6328125 0.35078125 0.2140625 0.284375
0 0.38046875 0.284375 0.2046875 0.27890625
0 0.46484375 0.66484375 0.15703125 0.2390625
0 0.33203125 0.8390625 0.21875 0.28359375
0 0.2015625 0.71484375 0.18671875 0.2234375
0 0.19296875 0.16953125 0.21015625 0.29609375
0 0.79453125 0.128125 0.22265625 0.21484375
0 0.490625 0.0984375 0.20390625 0.1921875
0 0.08984375 0.42421875 0.17890625 0.2625
0 0.46875 0.459375 0.15625 0.1953125
0 0.9203125 0.284375 0.15234375 0.290625
0 0.09765625 0.878125 0.1953125 0.1828125
0 0.36171875 0.62421875 0.1375 0.1765625
0 0.56875 0.27421875 0.15 0.2203125
0 0.05390625 0.67890625 0.10546875 0.259375
0 0.1109375 0.23046875 0.17734375 0.22421875
0 0.64140625 0.09375 0.13984375 0.16796875
0 0.78046875 0.31640625 0.11796875 0.1640625
0 0.28125 0.3625 0.15703125 0.1328125
0 0.078125 0.08671875 0.1 0.1734375
0 0.8265625 0.725 0.25546875 0.3109375
0 0.66796875 0.8578125 0.26171875 0.28359375
0 0.846875 0.903125 0.21796875 0.19375