0 0.49921875 0.496875 0.98984375 0.98984375
0 0.72890625 0.8109375 0.37890625 0.2640625
0 0.434375 0.559375 0.32421875 0.25078125
0 0.278125 0.70625 0.26484375 0.225
0 0.20703125 0.8984375 0.23359375 0.1921875
0 0.89765625 0.42578125 0.1953125 0.21484375
0 0.70546875 0.36171875 0.2875 0.22578125
0 0.7859375 0.121875 0.31171875 0.2421875
0 0.28359375 0.48984375 0.22890625 0.2
0 0.190625 0.23671875 0.3578125 0.29453125
0 0.10078125 0.478125 0.19609375 0.26328125
0 0.43671875 0.31484375 0.265625 0.21875
0 0.4625 0.1015625 0.31640625 0.19921875
0 0.0828125 0.684375 0.13984375 0.19296875
0 0.84453125 0.28515625 0.165625 0.1203125
0 0.4359375 0.746875 0.20625 0.12578125
0 0.61015625 0.21875 0.20234375 0.1734375
0 0.73984375 0.5421875 0.25078125 0.19296875
0 0.6171875 0.6234375 0.25 0.2375
0 0.90625 0.72578125 0.1875 0.25