0 0.5484375 0.3515625 0.3890625 0.30859375
0 0.49921875 0.4984375 0.9953125 0.996875
0 0.29296875 0.43359375 0.30390625 0.24140625
0 0.31796875 0.12734375 0.34765625 0.25390625
0 0.75859375 0.43515625 0.25546875 0.22265625
0 0.10625 0.60625 0.20625 0.26640625
0 0.0984375 0.42109375 0.19140625 0.20859375
0 0.6234375 0.18046875 0.26796875 0.2234375
0 0.2828125 0.63125 0.22421875 0.196875
0 0.3484375 0.8375 0.275 0.21484375
0 0.81953125 0.29453125 0.18984375 0.19375
0 0.871875 0.14453125 0.2515625 0.11171875
0 0.1359375 0.16484375 0.16328125 0.22578125
0 0.10703125 0.8109375 0.2015625 0.1953125
0 0.290625 0.27109375 0.171875 0.11875
0 0.69375 0.05390625 0.28515625 0.10625
0 0.94609375 0.33203125 0.10546875 0.21796875
0 0.5234375 0.6515625 0.36875 0.259375
0 0.7515625 0.83828125 0.34921875 0.29453125
0 0.846875 0.65 0.30546875 0.31015625