0 0.49921875 0.49765625 0.99296875 0.99296875
0 0.77578125 0.76328125 0.35390625 0.30546875
0 0.30625 0.73671875 0.259375 0.221875
0 0.68671875 0.33515625 0.28203125 0.23125
0 0.8921875 0.365625 0.20078125 0.221875
0 0.17265625 0.28046875 0.33671875 0.29609375
0 0.1 0.54140625 0.1953125 0.26484375
0 0.28125 0.5203125 0.215625 0.20390625
0 0.2625 0.9171875 0.2296875 0.1578125
0 0.73203125 0.1078125 0.30625 0.2125
0 0.415625 0.3234375 0.25625 0.22421875
0 0.10234375 0.7375 0.14765625 0.20390625
0 0.4078125 0.1078125 0.315625 0.20625
0 0.81171875 0.2421875 0.17109375 0.12109375
0 0.5765625 0.20859375 0.20390625 0.17578125
0 0.52421875 0.4515625 0.20859375 0.12421875
0 0.5078125 0.88046875 0.33203125 0.2390625
0 0.7390625 0.5078125 0.2734375 0.2390625
0 0.43515625 0.5765625 0.3515625 0.25
0 0.9125 0.66328125 0.175 0.2515625