0 0.5 0.4984375 0.9921875 0.99140625
0 0.471875 0.30546875 0.17421875 0.24921875
0 0.3421875 0.3171875 0.14453125 0.18359375
0 0.303125 0.52890625 0.18359375 0.22265625
0 0.428125 0.471875 0.1421875 0.1875
0 0.4140625 0.75546875 0.16015625 0.2078125
0 0.68671875 0.215625 0.17421875 0.22890625
0 0.2421875 0.1546875 0.18515625 0.22890625
0 0.06640625 0.25 0.12578125 0.175
0 0.79140625 0.2890625 0.16484375 0.21171875
0 0.70078125 0.45859375 0.12890625 0.18984375
0 0.6359375 0.1015625 0.159375 0.18515625
0 0.490625 0.14296875 0.13828125 0.1546875
0 0.3046875 0.07109375 0.1625 0.14140625
0 0.60859375 0.30625 0.1328125 0.17890625
0 0.14921875 0.7765625 0.17109375 0.20390625
0 0.1046875 0.51796875 0.18828125 0.20078125
0 0.94375 0.13515625 0.11015625 0.2234375
0 0.86015625 0.09921875 0.14375 0.175
0 0.340625 0.6390625 0.1453125 0.15859375
0 0.25546875 0.46015625 0.14375 0.178125
0 0.784375 0.0546875 0.16953125 0.096875
0 0.94609375 0.4234375 0.10625 0.209375
0 0.0703125 0.0484375 0.121875 0.096875
0 0.51875 0.05390625 0.184375 0.1046875
0 0.40234375 0.11796875 0.0828125 0.1734375
0 0.328125 0.928125 0.15625 0.13046875
0 0.16640625 0.046875 0.10703125 0.09296875
0 0.1296875 0.3765625 0.14609375 0.1484375
0 0.259375 0.8484375 0.11640625 0.16015625
0 0.44140625 0.8546875 0.134375 0.14765625
0 0.16796875 0.62109375 0.16875 0.146875
0 0.15546875 0.9328125 0.1875 0.12109375
0 0.24375 0.3390625 0.1015625 0.10703125
0 0.90078125 0.290625 0.115625 0.16640625
0 0.825 0.68984375 0.20234375 0.2265625
0 0.67890625 0.86796875 0.2 0.2640625
0 0.56640625 0.72265625 0.17578125 0.2140625