0 0.32109375 0.4296875 0.23359375 0.2109375
0 0.5140625 0.42265625 0.19140625 0.16640625
0 0.721875 0.54765625 0.209375 0.190625
0 0.68125 0.7 0.18984375 0.17734375
0 0.34296875 0.1984375 0.20625 0.1953125
0 0.09453125 0.56328125 0.18203125 0.18359375
0 0.42421875 0.6875 0.20234375 0.1875
0 0.265625 0.5484375 0.1671875 0.1578125
0 0.82578125 0.30859375 0.22265625 0.1953125
0 0.90703125 0.528125 0.17890625 0.18515625
0 0.4546875 0.14609375 0.1859375 0.18359375
0 0.64765625 0.19375 0.2015625 0.19140625
0 0.43828125 0.55 0.17578125 0.15
0 0.55859375 0.30859375 0.18125 0.15625
0 0.2015625 0.18828125 0.1609375 0.1828125
0 0.74765625 0.41796875 0.19375 0.15859375
0 0.17421875 0.34140625 0.17734375 0.14765625
0 0.3859375 0.3328125 0.17734375 0.125
0 0.5890625 0.546875 0.13125 0.15078125
0 0.2265625 0.05234375 0.12734375 0.103125
0 0.80390625 0.8734375 0.1515625 0.171875
0 0.09609375 0.253125 0.1421875 0.16796875
0 0.5515625 0.703125 0.1203125 0.15859375
0 0.07421875 0.76484375 0.1484375 0.14140625
0 0.66015625 0.06484375 0.1984375 0.12734375
0 0.32109375 0.8546875 0.19453125 0.19453125
0 0.571875 0.925 0.1859375 0.140625
0 0.0546875 0.43671875 0.10703125 0.11328125
0 0.79140625 0.71953125 0.11796875 0.1359375
0 0.12890625 0.39296875 0.1625 0.1203125
0 0.34140625 0.0390625 0.1203125 0.07734375
0 0.92578125 0.35546875 0.1484375 0.1625
0 0.2171875 0.77578125 0.15546875 0.15078125
0 0.4515625 0.8609375 0.1265625 0.17109375
0 0.68984375 0.88203125 0.1453125 0.13125
0 0.821875 0.17265625 0.19609375 0.14375
0 0.88046875 0.66484375 0.13203125 0.11328125
0 0.33125 0.69375 0.1296875 0.1546875
0 0.49765625 0.065625 0.15703125 0.13046875