0 0.49921875 0.4984375 0.99375 0.9953125
0 0.703125 0.571875 0.28515625 0.215625
0 0.88359375 0.334375 0.221875 0.18671875
0 0.31953125 0.6859375 0.2640625 0.21171875
0 0.534375 0.0765625 0.22109375 0.153125
0 0.5375 0.22734375 0.253125 0.1921875
0 0.4390625 0.4515625 0.28359375 0.20390625
0 0.8390625 0.1859375 0.22578125 0.1703125
0 0.19765625 0.3140625 0.2640625 0.2046875
0 0.65703125 0.38984375 0.23828125 0.1703125
0 0.13984375 0.51796875 0.27109375 0.22578125
0 0.7078125 0.084375 0.2 0.1421875
0 0.309375 0.48203125 0.184375 0.1703125
0 0.25234375 0.1140625 0.2453125 0.21171875
0 0.37109375 0.28828125 0.19921875 0.16640625
0 0.10625 0.6828125 0.1984375 0.14765625
0 0.10859375 0.8484375 0.21328125 0.21953125
0 0.50234375 0.8421875 0.3328125 0.2640625
0 0.86953125 0.51875 0.26015625 0.23671875
0 0.78515625 0.91171875 0.34140625 0.17578125
0 0.10859375 0.16015625 0.1765625 0.20234375
0 0.88125 0.678125 0.23671875 0.190625