0 0.49921875 0.49765625 0.9921875 0.99140625
0 0.16875 0.40390625 0.31640625 0.38515625
0 0.275 0.7453125 0.3390625 0.3453125
0 0.75625 0.3984375 0.35625 0.35625
0 0.390625 0.27109375 0.27265625 0.259375
0 0.58515625 0.13671875 0.31171875 0.27109375
0 0.32265625 0.078125 0.2328125 0.15625
0 0.2171875 0.2046875 0.1390625 0.2046875
0 0.11171875 0.63203125 0.13671875 0.19609375
0 0.8046875 0.12421875 0.24375 0.24765625
0 0.48359375 0.5578125 0.3703125 0.36953125
0 0.79609375 0.7171875 0.3921875 0.3890625
0 0.553125 0.8796875 0.36015625 0.240625