0 0.49921875 0.49765625 0.99140625 0.9921875
0 0.77421875 0.86171875 0.24140625 0.20078125
0 0.371875 0.871875 0.15078125 0.14453125
0 0.15 0.75859375 0.22578125 0.18515625
0 0.24375 0.93203125 0.17578125 0.12578125
0 0.21796875 0.31171875 0.23046875 0.17109375
0 0.72109375 0.4375 0.22578125 0.1765625
0 0.48125 0.16171875 0.2078125 0.18515625
0 0.3140625 0.66171875 0.184375 0.13828125
0 0.88515625 0.328125 0.21484375 0.171875
0 0.103125 0.36171875 0.19140625 0.15859375
0 0.0703125 0.69296875 0.1359375 0.16015625
0 0.471875 0.42421875 0.20390625 0.15546875
0 0.30546875 0.525 0.20625 0.153125
0 0.29296875 0.20859375 0.21328125 0.16328125
0 0.69375 0.17890625 0.225 0.190625
0 0.8328125 0.17421875 0.14765625 0.16328125
0 0.63125 0.071875 0.2078125 0.13203125
0 0.67734375 0.31875 0.19609375 0.125
0 0.10234375 0.1359375 0.17890625 0.14765625
0 0.4609375 0.30234375 0.18828125 0.12109375
0 0.9140625 0.4703125 0.12578125 0.10703125
0 0.12734375 0.50703125 0.178125 0.14140625
0 0.14609375 0.0546875 0.22734375 0.10625
0 0.29609375 0.09609375 0.17734375 0.1125
0 0.05234375 0.478125 0.10078125 0.18203125
0 0.525 0.709375 0.29296875 0.190625
0 0.7515625 0.58203125 0.24296875 0.203125
0 0.48359375 0.5765625 0.24453125 0.18359375
0 0.9203125 0.665625 0.159375 0.2125
0 0.90625 0.83515625 0.1875 0.234375
0 0.51015625 0.896875 0.2265625 0.20546875