0 0.49921875 0.49765625 0.99296875 0.99140625
0 0.62421875 0.79140625 0.34921875 0.28046875
0 0.39296875 0.66328125 0.28125 0.22578125
0 0.19375 0.7921875 0.2546875 0.21953125
0 0.13515625 0.46328125 0.259375 0.21875
0 0.4 0.865625 0.2359375 0.2015625
0 0.40390625 0.28359375 0.2390625 0.20859375
0 0.3375 0.53359375 0.2296875 0.1828125
0 0.6640625 0.31484375 0.2640625 0.221875
0 0.884375 0.3359375 0.1984375 0.21015625
0 0.4234375 0.09140625 0.25078125 0.17734375
0 0.70078125 0.10703125 0.275 0.21328125
0 0.19296875 0.28984375 0.21171875 0.18046875
0 0.10859375 0.64453125 0.2015625 0.1796875
0 0.5296875 0.46328125 0.2015625 0.1671875
0 0.16328125 0.12109375 0.2515625 0.1578125
0 0.33671875 0.41015625 0.1828125 0.1109375
0 0.20703125 0.9359375 0.2078125 0.121875
0 0.68203125 0.57421875 0.32109375 0.2296875
0 0.846875 0.84375 0.30546875 0.2359375
0 0.8953125 0.63984375 0.209375 0.2234375