0 0.696875 0.48125 0.3421875 0.3234375
0 0.4328125 0.31328125 0.2609375 0.2421875
0 0.2546875 0.50703125 0.26953125 0.21171875
0 0.64375 0.20859375 0.26796875 0.2515625
0 0.40078125 0.72109375 0.23984375 0.20859375
0 0.72734375 0.8109375 0.26640625 0.24609375
0 0.109375 0.621875 0.209375 0.2109375
0 0.11796875 0.30625 0.22578125 0.20859375
0 0.6390625 0.59921875 0.23046875 0.18359375
0 0.45703125 0.51171875 0.18515625 0.17109375
0 0.2921875 0.0875 0.23671875 0.17265625
0 0.5484375 0.86328125 0.21328125 0.203125
0 0.90078125 0.5328125 0.184375 0.21875
0 0.8625 0.72265625 0.21953125 0.19921875
0 0.23984375 0.840625 0.25078125 0.21640625
0 0.82890625 0.32734375 0.25078125 0.2078125
0 0.325 0.33125 0.17578125 0.19453125
0 0.55625 0.68046875 0.16953125 0.16953125
0 0.5359375 0.06328125 0.25859375 0.12109375
0 0.4484375 0.1734375 0.15703125 0.14765625
0 0.7859375 0.11640625 0.246875 0.190625
0 0.19453125 0.1859375 0.178125 0.17109375
0 0.9234375 0.2484375 0.153125 0.14375
0 0.10078125 0.75 0.1953125 0.1265625