0 0.39921875 0.49609375 0.38515625 0.278125
0 0.61796875 0.3671875 0.2890625 0.22421875
0 0.76328125 0.125 0.3203125 0.25
0 0.49921875 0.4984375 0.99375 0.9953125
0 0.33125 0.28125 0.30390625 0.21796875
0 0.70703125 0.62734375 0.3578125 0.26640625
0 0.428125 0.1 0.2515625 0.19375
0 0.1125 0.20859375 0.22109375 0.21171875
0 0.19609375 0.55859375 0.228125 0.22109375
0 0.08671875 0.3953125 0.171875 0.23515625
0 0.58125 0.21875 0.2625 0.16796875
0 0.83828125 0.31328125 0.25703125 0.1984375
0 0.42734375 0.715625 0.30078125 0.18828125
0 0.15078125 0.084375 0.22578125 0.1046875
0 0.38515625 0.89375 0.371875 0.19921875
0 0.2078125 0.74921875 0.2046875 0.17734375
0 0.64140625 0.053125 0.20234375 0.10390625
0 0.20859375 0.38203125 0.14609375 0.15390625
0 0.16640625 0.91484375 0.221875 0.16953125
0 0.26640625 0.1609375 0.1453125 0.09609375
0 0.7421875 0.79921875 0.39296875 0.25625