0 0.4046875 0.52578125 0.37265625 0.3
0 0.57734375 0.3390625 0.284375 0.23046875
0 0.73203125 0.565625 0.34921875 0.28046875
0 0.49765625 0.49765625 0.9953125 0.9953125
0 0.65078125 0.10078125 0.30859375 0.20078125
0 0.7703125 0.23046875 0.2515625 0.21015625
0 0.2296875 0.6375 0.2390625 0.23125
0 0.278125 0.33828125 0.28828125 0.234375
0 0.32109375 0.125 0.24296875 0.203125
0 0.07734375 0.17421875 0.153125 0.12578125
0 0.0796875 0.52890625 0.15859375 0.23515625
0 0.0796875 0.32421875 0.15625 0.20078125
0 0.5 0.21640625 0.259375 0.1890625
0 0.1828125 0.4734375 0.1578125 0.15
0 0.871875 0.40078125 0.2375 0.23359375
0 0.28984375 0.81953125 0.21953125 0.19375
0 0.1828125 0.2375 0.1484375 0.10703125
0 0.475 0.0453125 0.14609375 0.090625
0 0.51875 0.9 0.40078125 0.19921875
0 0.8125 0.7015625 0.3375 0.28828125