1 0.55859375 0.20234375 0.2703125 0.14609375
1 0.778125 0.2703125 0.3109375 0.14375
1 0.54375 0.35 0.30078125 0.109375
1 0.39765625 0.45 0.22421875 0.13671875
1 0.6171875 0.434375 0.20390625 0.13359375
1 0.5640625 0.53828125 0.209375 0.084375
1 0.7859375 0.44296875 0.08125 0.121875
1 0.30078125 0.77265625 0.265625 0.14140625
1 0.48984375 0.73515625 0.24453125 0.1265625
1 0.17890625 0.7109375 0.20390625 0.11640625
1 0.31640625 0.6796875 0.07109375 0.0796875
1 0.28828125 0.86328125 0.1890625 0.07421875